1.1549 1.3064 9.036e-05 8.4172e-05 7.3407e-09 9.5975e-05 -3.0767e-11 0
0.36802 0.014736 1.1193e-05 9.1395e-07 1.2182e-12 3.8539e-08 2.6572e-12 1 
0.45647 0.00162 9.5617e-06 4.5416e-05 -8.9153e-10 -1.7859e-06 -3.1757e-10 2 
1.2442 1.5205 0.00037207 0.00033554 1.1855e-07 0.00040797 -1.2121e-09 0
1.1221 1.2315 0.0010997 0.00087063 8.5121e-07 0.0009211 3.4013e-08 0
1.1229 1.233 0.00010692 7.9867e-05 7.3689e-09 8.3413e-05 4.146e-10 0
0.34042 0.00012936 2.2697e-05 4.8571e-07 -1.405e-12 2.0748e-10 7.9173e-13 3 
1.1906 1.3896 0.00052366 0.0003113 1.2433e-07 0.00030708 1.8434e-08 0
0.37716 0.013781 4.8557e-06 1.3204e-06 -1.9649e-12 1.2727e-07 2.7051e-12 1 
0.43778 0.0011547 4.5717e-06 5.9366e-06 -2.7114e-11 -1.9796e-07 -1.4878e-11 2 
1.2675 1.5787 5.975e-06 6.6344e-07 -1.3199e-12 -8.3352e-07 5.0607e-14 0
0.3425 0.00026069 4.5799e-05 8.0027e-07 -4.5537e-12 -1.1274e-08 1.6541e-12 3 
0.34036 0.00023624 8.4231e-06 1.3367e-06 -4.3714e-12 -5.8035e-09 -1.0042e-12 3 
0.43222 0.046617 3.2546e-07 1.8836e-06 1.3326e-12 -3.1085e-08 6.3185e-13 1
1.1272 1.2426 1.3102e-05 2.529e-06 5.9209e-12 -1.7858e-09 1.3299e-11 0
0.36953 0.014657 1.6208e-07 1.7201e-06 8.8218e-13 2.0005e-07 2.1614e-13 1 
0.33538 0.00011296 4.4119e-05 2.0734e-06 -1.4547e-11 -8.9585e-10 -1.3478e-11 3 
1.1556 1.3076 4.2254e-05 3.9689e-05 1.6254e-09 4.5375e-05 -2.6065e-12 0
0.37494 0.0123 4.8449e-06 1.7034e-06 -3.0793e-13 9.3814e-08 4.8838e-12 1
1.291 1.6391 1.4553e-05 1.1915e-05 1.5683e-10 1.4127e-05 -4.7659e-12 0
0.33219 2.2287e-05 8.757e-05 5.9957e-06 1.0945e-10 2.3132e-08 8.3037e-11 3 
0.33931 0.00013458 2.243e-05 2.579e-06 -1.6983e-12 5.713e-09 1.9541e-11 3
1.1477 1.2893 0.00038133 0.00035134 1.286e-07 0.00039617 -8.1986e-10 0
0.41599 0.036485 3.2198e-06 1.451e-06 1.8352e-12 2.7702e-07 2.5431e-12 1 
0.34669 0.00051541 8.9084e-05 3.9875e-06 -2.0447e-11 -7.4882e-08 7.2319e-11 3 
0.33905 1.7053e-05 2.2033e-05 3.3367e-06 1.7338e-13 -1.3605e-08 2.8609e-11 3
0.4365 0.0007009 3.1812e-06 5.0717e-06 8.7013e-12 -1.1813e-07 -1.842e-11 2
1.1456 1.2847 3.6966e-05 2.3778e-05 7.0054e-10 2.3713e-05 -7.8844e-11 0
1.1149 1.2155 2.5456e-05 1.3154e-05 2.3547e-10 1.1977e-05 4.9952e-11 0
1.1912 1.391 0.00029297 0.00027251 7.6998e-08 0.00031893 -4.4896e-10 0
0.35961 0.011268 1.255e-07 2.1888e-06 1.1343e-12 2.3174e-07 -1.7162e-13 1 
1.1246 1.2371 0.00011771 0.00010319 1.1371e-08 0.00011337 1.4264e-10 0
0.33856 0.00015606 2.0463e-05 9.9523e-07 -4.4892e-12 -1.2271e-08 -1.3791e-13 3
0.36192 0.013582 1.9161e-06 8.4253e-06 3.1987e-11 6.7886e-07 -1.1082e-11 1
0.34218 0.00034319 7.9396e-06 2.7511e-07 3.7785e-13 5.0763e-09 1.5016e-13 3
1.1594 1.3166 0.00025532 0.00023156 5.6303e-08 0.00026341 4.6183e-10 0
0.33412 0.00036501 4.0401e-05 3.2754e-06 3.7655e-11 5.5376e-08 1.3347e-12 3
0.40796 0.032568 3.2775e-06 8.295e-06 4.3251e-11 1.1342e-06 -5.4823e-14 1
