1.956686303391967474e+00 4.020034324902129197e-01 5.393565944458416500e-02 6.537532847514286594e-03 1.164542303976556184e-04 -1.917253694758826914e-03 -3.884024519132838252e-05
1.165359392734508504e+00 1.330515157918555458e+00 1.437927579800141577e-04 1.340782488612220886e-04 1.861679411726727229e-08 1.544264835618968117e-04 4.199029659367869078e-11
3.733847177227260783e-01 1.567150945689635769e-02 1.107855768306653192e-05 6.484178537701561039e-07 -1.590536335326262966e-12 -8.117277150465014466e-08 -7.003431241878320382e-13
4.600192797933331246e-01 1.681120518414122751e-03 1.136693958607985296e-05 4.145294739718937441e-05 -8.948583590413562797e-10 -1.637332927171166818e-06 -9.434924022313874597e-11
1.252516685393521456e+00 1.541255445891237308e+00 3.800609244439245036e-04 3.453285259540026246e-04 1.250991994118780900e-07 4.221136923844505027e-04 -1.223272153367601909e-09
1.125951775397501242e+00 1.240040923705445941e+00 1.329232456722056728e-03 1.072030951031513815e-03 1.278920623899952499e-06 1.143564565537256907e-03 4.493219214612571346e-08
1.126797907366283491e+00 1.241917094222855455e+00 6.572938617431024234e-05 2.754703681767283458e-05 1.103712908232694546e-09 2.068699387974748860e-05 3.947276853581195403e-10
3.436921663149227202e-01 1.257132115040161856e-04 2.691819623274046427e-05 1.064314685716792242e-06 -4.970795500572111323e-12 -8.583754410683443357e-09 -2.782855894628148722e-12
1.200990049788577929e+00 1.414607157374241808e+00 3.480966355508502245e-04 2.209728634698018422e-04 6.085786377686299825e-08 2.265433227539731813e-04 7.227946398890006063e-09
3.824849199303257952e-01 1.460671813899945028e-02 6.434063297843142630e-06 5.173354744793842709e-07 -2.358836402561637615e-13 3.214529001360104042e-08 9.138948675571975191e-13
4.434989038222869606e-01 1.057659388076941098e-03 2.097062346516440434e-06 3.359358717716760588e-06 -7.996511505851579737e-12 -1.074492702789320506e-07 -3.944394603797415897e-12
1.270449589860592976e+00 1.586116777189535698e+00 3.208216516484630653e-05 2.532717411541045752e-05 7.213081968082850485e-10 2.984043687002349660e-05 3.062439156001103436e-11
3.456257826776045761e-01 2.868296717474008695e-04 4.598644633347261909e-05 1.790279468872671884e-06 8.958414257128789157e-12 -9.347536919255100381e-09 -1.355058034113858212e-11
3.425697971450036849e-01 2.715470000976541649e-04 1.471883250943985032e-06 2.453682581994328725e-06 -2.943265274498176763e-12 1.428769108862941757e-08 -3.616717018142220621e-12
4.323029299554183025e-01 4.648842112127014176e-02 1.351975242360350592e-06 1.514102517554483607e-06 7.710559925146212626e-13 -1.684245551053264044e-07 2.024425864193988874e-12
1.079693725960286788e+00 7.439059915229403463e-01 1.347219452510499682e-01 3.981217411193714063e-03 -7.205178042947041610e-05 1.595315745305862527e-03 5.753133393802100233e-05
3.727349885832785814e-01 1.532115994354308307e-02 6.670507720424661630e-06 2.800529047555453431e-06 1.010114900970877421e-11 2.863736372643367489e-07 6.669392198547274729e-12
3.390572389191848224e-01 1.022177808055379020e-04 4.117603689029379160e-05 1.398697929734205938e-07 -3.312007379589057725e-13 4.526558580361138693e-10 -5.457250811611227663e-14
1.098987467463825585e+00 6.851855196902267853e-01 1.964043744419941284e-01 7.508702706737940651e-03 -2.488808706154135722e-04 1.790565372994013969e-03 1.456199794358283559e-04
3.792263147003833157e-01 1.271390601531154768e-02 8.420219762170222050e-06 4.304672700283675694e-07 8.035611275722079860e-13 -2.804527288938098945e-08 -1.610614031749487535e-13
1.295745434358793524e+00 1.651251472008579357e+00 1.087230954737127665e-05 9.907447843578910825e-06 1.028256644634457870e-10 1.271498614889410888e-05 -3.176183246972000517e-13
3.357203071924155235e-01 4.973628892792901252e-05 9.693202025142126708e-05 5.237638076705188912e-06 5.879198437597682010e-11 2.269571971200714717e-08 1.023280034956169232e-10
3.422923527737061766e-01 1.445293073718602079e-04 2.508514892095296646e-05 3.469618765851529404e-06 -1.359147719223187392e-11 -1.698363191409455027e-09 2.937740787699107231e-11
1.155205637387370921e+00 1.306785015259697147e+00 3.632566709790924437e-04 3.391610287578741617e-04 1.190448411994221918e-07 3.854466535285627098e-04 -5.789115411078497714e-10
4.170329782345617575e-01 3.649847627659491556e-02 1.946871617115544404e-06 2.061526809052019499e-06 -8.203011227575375847e-13 3.727240774154131585e-07 4.047736391284528827e-12
3.491572485860309216e-01 5.182910004185281019e-04 1.659090594450954932e-04 8.906183970157988204e-06 2.470958389482724547e-10 -8.964358865802698775e-08 2.369564567159863914e-10
3.391330013044733249e-01 2.467037394586847472e-05 3.777672527516940895e-05 1.595471338703654001e-06 1.757606200658662149e-13 -7.198863586848810957e-09 1.238516900378159355e-11
4.388303644444445095e-01 7.230129997191980318e-04 3.109063875322459457e-06 6.849090879609709397e-06 8.643431774570455641e-12 -1.718478647766009675e-07 -3.040075408797371037e-11
1.157195134841800366e+00 1.311327722741025825e+00 9.292793920534193018e-05 5.727352761338045403e-05 4.143048431886188843e-09 5.647942487470074892e-05 -5.419382495722702328e-10
1.136048482168169560e+00 1.262939368595113576e+00 3.963566383962890635e-04 3.596203683419150771e-04 1.357693996734902639e-07 4.025397417250665012e-04 8.028399892834740756e-10
1.122778274205514792e+00 8.428947600883872626e-01 1.430413734645377966e-01 2.781530704322499135e-03 -3.621388053783565969e-05 1.568792730665918237e-03 4.203416691688572000e-05
3.614358045193704072e-01 1.140604599498616818e-02 9.208846700997825700e-08 1.980501749079350706e-06 -5.584505384108562279e-13 2.066163449159367804e-07 -6.352191301406047866e-13
1.132905980941858015e+00 1.255827143622217479e+00 8.082520736307686365e-05 6.458659379619325399e-05 4.663444964176181326e-09 6.936879603224442472e-05 1.675518659068303666e-10
3.399150141439999939e-01 1.611854676141378367e-04 2.892201522399696125e-05 1.047599441141636106e-06 -5.699263126107511514e-12 -1.279736233774665851e-08 -8.775738609593319570e-13
3.634330952320373731e-01 1.368006924682212827e-02 2.666162585751043891e-06 7.323507585106720373e-06 2.698567450403946486e-11 4.295481517123999665e-07 -1.786079791631598126e-11
3.437254355405027773e-01 3.594634991839790075e-04 7.033435768835719567e-06 8.296526723864885069e-08 6.001234205202701367e-14 1.571527408393490028e-09 2.037398579185487659e-14
1.166304359153731651e+00 1.332507189141701076e+00 5.991414393979362644e-05 5.110750078764696402e-05 2.827497000224127774e-09 5.762242269406141188e-05 5.740672675268771442e-11
3.361081850152183303e-01 3.999369845605370353e-04 4.234812700596919281e-05 4.039492653761796403e-06 4.539890024990753318e-11 8.049285521605515055e-08 2.702392084899398753e-11
4.105716324220576308e-01 3.320565685950387785e-02 1.223832240674954704e-06 3.517797164791953674e-06 7.297599046180051034e-12 4.957813476975952380e-07 -1.462015594717541960e-13
