1.1767 1.357 0.00012029 9.778e-05 1.0599e-08 0.00011029 3.2669e-10 0
0.35234 0.010923 1.1157e-06 1.3986e-06 1.6362e-12 1.3769e-07 6.1254e-13 1 
0.40801 0.0001475 5.3151e-07 3.3563e-07 1.0052e-13 -3.8789e-09 9.9953e-14 2
1.1109 1.2067 0.00011757 4.3458e-05 2.8166e-09 2.7663e-05 -1.3101e-09 0
1.1628 1.3244 5.9557e-05 3.8202e-05 1.8104e-09 3.8122e-05 -2.0729e-10 0
1.0849 1.1492 0.00061287 0.00025999 9.7946e-08 0.00018805 3.4311e-08 0
0.32876 2.823e-05 2.5362e-05 2.2264e-07 5.2891e-13 5.6047e-10 1.1543e-14 3
1.1455 1.2844 0.00014476 3.7068e-05 1.9197e-09 1.1508e-05 -1.9203e-09 0
0.34402 0.0093433 1.3797e-05 1.8758e-06 9.4755e-12 1.8132e-07 1.1325e-12 1
0.45679 0.00018777 5.8968e-07 1.7786e-05 -5.6459e-11 -1.1911e-07 1.1397e-11 2
1.133 1.2557 1.9568e-05 3.2704e-06 4.2552e-12 -8.8692e-07 -2.5814e-11 0
0.33192 1.8787e-05 1.4371e-05 2.9024e-06 1.8455e-11 3.5462e-09 -3.2827e-12 3
0.33049 4.2801e-05 3.3407e-06 3.3053e-07 -2.4883e-13 2.0407e-09 -2.4232e-13 3
1.1271 1.2425 6.632e-05 5.9168e-05 3.7064e-09 6.5945e-05 6.2678e-12 0
0.40041 0.036878 2.3917e-06 2.6116e-06 2.6783e-12 4.8057e-07 5.9521e-12 1
0.37231 0.012943 3.1187e-06 1.4808e-06 1.4274e-13 -1.1897e-07 -3.1791e-12 1
0.33672 1.5972e-05 2.1388e-05 4.2531e-08 -5.5259e-15 2.744e-12 4.0186e-14 3
1.1233 1.2339 4.6617e-06 2.7749e-06 9.8739e-12 2.6098e-06 1.4535e-12 0
1.1348 1.26 5.8603e-05 5.148e-05 2.8272e-09 5.6523e-05 -4.4982e-11 0
0.34856 0.010091 8.4674e-06 1.0143e-06 2.6812e-12 6.0331e-08 1.283e-12 1
0.34145 0.00021123 7.7012e-05 5.6809e-06 1.1773e-10 8.1962e-08 -1.6096e-11 3
1.2006 1.4137 8.8765e-05 6.6517e-05 5.103e-09 7.3991e-05 -2.9043e-10 0
0.33075 3.589e-06 2.4473e-05 2.185e-06 -1.5721e-11 3.7275e-09 -2.8494e-12 3
0.34967 0.00013958 7.1218e-05 1.4947e-06 -1.1983e-11 1.7143e-08 -9.7074e-12 3
0.42221 0.039516 4.5293e-06 7.2366e-06 4.0816e-11 1.3395e-06 -7.1114e-12 1
0.33704 4.9006e-05 7.3947e-06 1.237e-06 -1.0718e-13 6.3246e-09 -3.7398e-12 3
0.4136 8.937e-05 7.8013e-06 7.652e-06 3.2113e-11 -2.9631e-09 4.964e-11 2
1.1165 1.2189 1.0624e-05 5.1167e-06 3.6498e-11 4.213e-06 -9.5429e-12 0
1.0999 1.1819 5.4214e-06 3.9369e-06 1.8151e-11 3.7826e-06 1.1683e-12 0
0.33424 2.6888e-05 5.3598e-05 5.4313e-06 7.766e-11 -2.7826e-08 5.0559e-11 3
0.3476 0.010942 1.3822e-05 9.2818e-07 -5.9481e-13 4.6429e-08 3.271e-12 1
0.32739 9.7076e-05 1.3611e-05 4.3434e-06 2.8135e-11 4.0247e-08 -1.799e-11 3
1.103 1.1886 1.1268e-05 1.0051e-05 1.0695e-10 1.0944e-05 -4.4088e-13 0
0.40286 0.034076 6.5585e-06 1.5345e-06 4.2671e-12 1.8475e-07 -2.3429e-12 1
