1.1544000 1.3047000 0.0003724 0.0003047 0.0000001 0.0003331 -0.0000000
0.4365000 0.0007009 0.0000032 0.0000051 0.0000000 -0.0000001 -0.0000000
1.1477000 1.2893000 0.0003813 0.0003513 0.0000001 0.0003962 -0.0000000
1.1246000 1.2371000 0.0001177 0.0001032 0.0000000 0.0001134 0.0000000
1.1631000 1.3250000 0.0001604 0.0001137 0.0000000 0.0001204 -0.0000000
0.3523400 0.0109230 0.0000011 0.0000014 0.0000000 0.0000001 0.0000000
0.3695300 0.0146570 0.0000002 0.0000017 0.0000000 0.0000002 0.0000000
1.0849000 1.1492000 0.0006129 0.0002600 0.0000001 0.0001880 0.0000000
0.3341200 0.0003650 0.0000404 0.0000033 0.0000000 0.0000001 0.0000000
0.3367200 0.0000160 0.0000214 0.0000000 -0.0000000 0.0000000 0.0000000
0.4377800 0.0011547 0.0000046 0.0000059 -0.0000000 -0.0000002 -0.0000000
1.1572000 1.3111000 0.0000818 0.0000771 0.0000000 0.0000878 0.0000000
0.3496700 0.0001396 0.0000712 0.0000015 -0.0000000 0.0000000 -0.0000000
1.1149000 1.2155000 0.0000255 0.0000132 0.0000000 0.0000120 0.0000000
1.2193000 1.4588000 0.0005249 0.0004828 0.0000002 0.0005770 -0.0000000
1.1229000 1.2330000 0.0001069 0.0000799 0.0000000 0.0000834 0.0000000
1.1030000 1.1886000 0.0000113 0.0000101 0.0000000 0.0000109 -0.0000000
1.1628000 1.3244000 0.0000596 0.0000382 0.0000000 0.0000381 -0.0000000
0.4151800 0.0408100 0.0000015 0.0000026 0.0000000 0.0000004 0.0000000
1.1594000 1.3166000 0.0002553 0.0002316 0.0000001 0.0002634 0.0000000
0.3353800 0.0001130 0.0000441 0.0000021 -0.0000000 -0.0000000 -0.0000000
0.3544100 0.0094261 0.0000012 0.0000001 0.0000000 0.0000000 -0.0000000
0.3421800 0.0003432 0.0000079 0.0000003 0.0000000 0.0000000 0.0000000
1.1906000 1.3896000 0.0005237 0.0003113 0.0000001 0.0003071 0.0000000
0.3364400 0.0000089 0.0000230 0.0000010 -0.0000000 0.0000000 0.0000000
0.3585900 0.0093644 0.0000100 0.0000009 -0.0000000 -0.0000000 0.0000000
0.3472900 0.0079280 0.0000035 0.0000011 0.0000000 0.0000001 -0.0000000
1.1456000 1.2847000 0.0000370 0.0000238 0.0000000 0.0000237 -0.0000000
1.2910000 1.6391000 0.0000146 0.0000119 0.0000000 0.0000141 -0.0000000
1.1271000 1.2425000 0.0000663 0.0000592 0.0000000 0.0000659 0.0000000
1.1348000 1.2600000 0.0000586 0.0000515 0.0000000 0.0000565 -0.0000000
0.3390500 0.0000171 0.0000220 0.0000033 0.0000000 -0.0000000 0.0000000
0.4442300 0.0002334 0.0000009 0.0000006 0.0000000 -0.0000000 -0.0000000
0.3372500 0.0000198 0.0000008 0.0000004 0.0000000 0.0000000 -0.0000000
0.4322200 0.0466170 0.0000003 0.0000019 0.0000000 -0.0000000 0.0000000
0.3466900 0.0005154 0.0000891 0.0000040 -0.0000000 -0.0000001 0.0000000
1.2442000 1.5205000 0.0003721 0.0003355 0.0000001 0.0004080 -0.0000000
1.1556000 1.3076000 0.0000423 0.0000397 0.0000000 0.0000454 -0.0000000
0.3389500 0.0000523 0.0000073 0.0000011 -0.0000000 0.0000000 0.0000000
0.3771600 0.0137810 0.0000049 0.0000013 -0.0000000 0.0000001 0.0000000
0.4136000 0.0000894 0.0000078 0.0000077 0.0000000 -0.0000000 0.0000000
0.3404200 0.0001294 0.0000227 0.0000005 -0.0000000 0.0000000 0.0000000
1.1483000 1.2909000 0.0000000 0.0000000 0.0000000 0.0000000 -0.0000000
0.3273900 0.0000971 0.0000136 0.0000043 0.0000000 0.0000000 -0.0000000
0.3304900 0.0000428 0.0000033 0.0000003 -0.0000000 0.0000000 -0.0000000
0.3334200 0.0000468 0.0000308 0.0000018 -0.0000000 0.0000000 0.0000000
1.2191000 1.4586000 0.0003171 0.0002839 0.0000001 0.0003412 -0.0000000
0.3342400 0.0000269 0.0000536 0.0000054 0.0000000 -0.0000000 0.0000000
1.1506000 1.2964000 0.0000756 0.0000317 0.0000000 0.0000246 0.0000000
1.1767000 1.3570000 0.0001203 0.0000978 0.0000000 0.0001103 0.0000000
0.4222700 0.0000196 0.0000002 0.0000005 0.0000000 -0.0000000 -0.0000000
0.4028600 0.0340760 0.0000066 0.0000015 0.0000000 0.0000002 -0.0000000
0.3319200 0.0000188 0.0000144 0.0000029 0.0000000 0.0000000 -0.0000000
1.2609000 1.5620000 0.0000665 0.0000617 0.0000000 0.0000750 0.0000000
0.4321800 0.0440690 0.0000012 0.0000019 -0.0000000 -0.0000003 -0.0000000
0.4143000 0.0395950 0.0000007 0.0000010 -0.0000000 0.0000001 -0.0000000
0.3485600 0.0100910 0.0000085 0.0000010 0.0000000 0.0000001 0.0000000
0.3834200 0.0111130 0.0000046 0.0000008 -0.0000000 0.0000000 0.0000000
1.1109000 1.2067000 0.0001176 0.0000435 0.0000000 0.0000277 -0.0000000
0.3385600 0.0001561 0.0000205 0.0000010 -0.0000000 -0.0000000 -0.0000000
1.1165000 1.2189000 0.0000106 0.0000051 0.0000000 0.0000042 -0.0000000
0.3358300 0.0000356 0.0000186 0.0000029 -0.0000000 -0.0000000 -0.0000000
1.2388000 1.5069000 0.0000413 0.0000122 0.0000000 0.0000066 0.0000000
1.1233000 1.2339000 0.0000047 0.0000028 0.0000000 0.0000026 0.0000000
0.4079600 0.0325680 0.0000033 0.0000083 0.0000000 0.0000011 -0.0000000
1.1912000 1.3910000 0.0002930 0.0002725 0.0000001 0.0003189 -0.0000000
0.3307500 0.0000036 0.0000245 0.0000022 -0.0000000 0.0000000 -0.0000000
0.3680200 0.0147360 0.0000112 0.0000009 0.0000000 0.0000000 0.0000000
0.3462700 0.0000289 0.0000960 0.0000002 -0.0000000 0.0000000 -0.0000000
0.3393100 0.0001346 0.0000224 0.0000026 -0.0000000 0.0000000 0.0000000
0.4564700 0.0016200 0.0000096 0.0000454 -0.0000000 -0.0000018 -0.0000000
0.4159900 0.0364850 0.0000032 0.0000015 0.0000000 0.0000003 0.0000000
0.3723100 0.0129430 0.0000031 0.0000015 0.0000000 -0.0000001 -0.0000000
0.4222100 0.0395160 0.0000045 0.0000072 0.0000000 0.0000013 -0.0000000
0.4080100 0.0001475 0.0000005 0.0000003 0.0000000 -0.0000000 0.0000000
0.4004100 0.0368780 0.0000024 0.0000026 0.0000000 0.0000005 0.0000000
1.1330000 1.2557000 0.0000196 0.0000033 0.0000000 -0.0000009 -0.0000000
0.3321900 0.0000223 0.0000876 0.0000060 0.0000000 0.0000000 0.0000000
0.3426100 0.0000017 0.0000038 0.0000006 -0.0000000 -0.0000000 -0.0000000
1.1465000 1.2868000 0.0000222 0.0000037 0.0000000 -0.0000010 -0.0000000
1.1272000 1.2426000 0.0000131 0.0000025 0.0000000 -0.0000000 0.0000000
0.3414500 0.0002112 0.0000770 0.0000057 0.0000000 0.0000001 -0.0000000
0.3428700 0.0000918 0.0000303 0.0000020 0.0000000 0.0000000 0.0000000
0.3476000 0.0109420 0.0000138 0.0000009 -0.0000000 0.0000000 0.0000000
