1.0999000 1.1819000 0.0000054 0.0000039 0.0000000 0.0000038 0.0000000
1.2675000 1.5787000 0.0000060 0.0000007 -0.0000000 -0.0000008 0.0000000
1.1221000 1.2315000 0.0010997 0.0008706 0.0000009 0.0009211 0.0000000
0.4567900 0.0001878 0.0000006 0.0000178 -0.0000000 -0.0000001 0.0000000
0.3370400 0.0000490 0.0000074 0.0000012 -0.0000000 0.0000000 -0.0000000
1.2665000 1.5760000 0.0003829 0.0000977 0.0000000 0.0000331 0.0000000
0.3596100 0.0112680 0.0000001 0.0000022 0.0000000 0.0000002 -0.0000000
0.3619200 0.0135820 0.0000019 0.0000084 0.0000000 0.0000007 -0.0000000
1.2006000 1.4137000 0.0000888 0.0000665 0.0000000 0.0000740 -0.0000000
0.3425000 0.0002607 0.0000458 0.0000008 -0.0000000 -0.0000000 0.0000000
0.3383900 0.0000908 0.0000944 0.0000087 0.0000000 0.0000000 0.0000000
0.3614400 0.0103310 0.0000043 0.0000001 -0.0000000 -0.0000000 0.0000000
1.1549000 1.3064000 0.0000904 0.0000842 0.0000000 0.0000960 -0.0000000
0.3287600 0.0000282 0.0000254 0.0000002 0.0000000 0.0000000 0.0000000
0.3749400 0.0123000 0.0000048 0.0000017 -0.0000000 0.0000001 0.0000000
1.1374000 1.2659000 0.0000612 0.0000388 0.0000000 0.0000378 -0.0000000
0.3417700 0.0000089 0.0000396 0.0000014 -0.0000000 0.0000000 0.0000000
1.1455000 1.2844000 0.0001448 0.0000371 0.0000000 0.0000115 -0.0000000
1.2194000 1.4591000 0.0000881 0.0000826 0.0000000 0.0000998 -0.0000000
0.4466200 0.0000076 0.0000034 0.0000169 -0.0000000 0.0000000 0.0000000
0.3403600 0.0002362 0.0000084 0.0000013 -0.0000000 -0.0000000 -0.0000000
0.3440200 0.0093433 0.0000138 0.0000019 0.0000000 0.0000002 0.0000000
