0.33895 5.2309e-05 7.3027e-06 1.0798e-06 -2.7784e-12 6.7691e-09 1.2138e-12 3 
0.41518 0.04081 1.4604e-06 2.6245e-06 5.0304e-12 4.0255e-07 1.0461e-12 1
1.2193 1.4588 0.00052486 0.00048282 2.4304e-07 0.00057696 -1.7625e-09 0
1.2609 1.562 6.6546e-05 6.1717e-05 3.9551e-09 7.5006e-05 2.2804e-11 0
0.36144 0.010331 4.2869e-06 1.0948e-07 -8.6855e-15 -9.6437e-09 7.45e-14 1 
0.33644 8.9105e-06 2.3033e-05 1.0176e-06 -1.8355e-12 2.1601e-09 4.5716e-12 3 
0.44662 7.6075e-06 3.4288e-06 1.688e-05 -1.2669e-10 2.73e-08 2.0984e-11 2
1.1631 1.325 0.00016042 0.00011369 1.5311e-08 0.00012038 -1.1474e-09 0
1.1506 1.2964 7.561e-05 3.1692e-05 1.4606e-09 2.4557e-05 5.2288e-10 0
0.33839 9.0822e-05 9.4352e-05 8.7007e-06 1.787e-10 3.9835e-08 1.7381e-10 3 
0.4143 0.039595 7.3991e-07 1.0164e-06 -5.9261e-13 1.3982e-07 -6.5246e-13 1
0.33725 1.9831e-05 8.4686e-07 4.2351e-07 9.911e-14 1.8434e-09 -2.3346e-13 3
1.2191 1.4586 0.0003171 0.00028392 8.519e-08 0.00034119 -6.3246e-10 0
0.34287 9.1751e-05 3.034e-05 1.9701e-06 1.461e-11 1.2942e-08 4.3067e-12 3 
0.34627 2.8937e-05 9.5996e-05 1.5683e-07 -5.8233e-13 1.5583e-11 -1.765e-13 3 
1.1572 1.3111 8.1781e-05 7.7135e-05 6.1264e-09 8.7841e-05 2.671e-11 0
0.33342 4.677e-05 3.0786e-05 1.8481e-06 -1.3891e-11 7.8655e-09 1.1607e-12 3 
1.2194 1.4591 8.808e-05 8.264e-05 7.0506e-09 9.9824e-05 -4.8361e-12 0
0.35441 0.0094261 1.2105e-06 9.7844e-08 1.7917e-14 9.482e-09 -2.851e-14 1 
0.38342 0.011113 4.5933e-06 7.644e-07 -1.3689e-12 1.1595e-09 4.2167e-13 1
0.43218 0.044069 1.227e-06 1.8866e-06 -1.5946e-12 -3.3859e-07 -2.3869e-12 1 
0.33583 3.559e-05 1.8622e-05 2.8677e-06 -2.0908e-11 -1.3595e-08 -1.4262e-12 3 
0.34261 1.7413e-06 3.7618e-06 6.4912e-07 -9.2633e-13 -8.2295e-10 -4.133e-13 3
0.42227 1.965e-05 1.973e-07 5.3615e-07 6.8845e-14 -6.2935e-10 -1.6021e-13 2
1.1544 1.3047 0.00037238 0.00030468 1.0257e-07 0.0003331 -3.3187e-09 0
1.2388 1.5069 4.128e-05 1.2206e-05 2.2156e-10 6.5779e-06 1.6119e-10 0
1.1374 1.2659 6.1236e-05 3.8764e-05 1.8753e-09 3.7768e-05 -2.2439e-10 0
1.2665 1.576 0.00038288 9.7705e-05 1.3308e-08 3.3138e-05 1.3417e-08 0
0.35859 0.0093644 9.9848e-06 8.9259e-07 -2.4837e-12 -2.2947e-08 9.6523e-13 1 
0.34177 8.8792e-06 3.9553e-05 1.4402e-06 -1.0506e-11 2.6851e-09 2.7896e-12 3
1.1483 1.2909 1.455e-08 6.9978e-09 7.0605e-17 7.9507e-09 -9.3823e-19 0
0.44423 0.00023342 8.8703e-07 6.4569e-07 1.4991e-13 -2.1719e-09 -4.651e-13 2 
0.34729 0.007928 3.5084e-06 1.0679e-06 8.6739e-13 9.4986e-08 -1.8762e-12 1
1.1465 1.2868 2.2208e-05 3.7094e-06 5.391e-12 -1.0422e-06 -3.3233e-11 0
